471.0796813964844
470.4820861816406
467.8841857910156
465.73748779296875
466.2876892089844
467.4485168457031
467.69476318359375
467.13677978515625
469.05853271484375
471.52197265625
472.2893981933594
474.177734375
475.86181640625
474.78955078125
476.13763427734375
477.8499450683594
477.02239990234375
476.10784912109375
475.9901123046875
478.0202331542969
479.4423522949219
483.1622619628906
483.5077209472656
480.8216247558594
477.5885314941406
475.685546875
476.97039794921875
476.854736328125
475.2054748535156
476.12286376953125
475.57781982421875
474.9310607910156
475.0
474.8343811035156
476.312255859375
478.147216796875
478.44512939453125
478.8961181640625
480.186279296875
483.62774658203125
485.02947998046875
481.6110534667969
478.6134033203125
479.53216552734375
479.7084045410156
477.9747009277344
476.9937744140625
476.0230712890625
474.8735046386719
474.75140380859375
477.0647277832031
478.7435607910156
477.8750305175781
478.7039794921875
477.51031494140625
475.88348388671875
475.7994689941406
472.29486083984375
469.63934326171875
470.4053955078125
472.0084533691406
474.2733459472656
474.6314697265625
473.3893127441406
472.9438171386719
473.2041931152344
471.2317810058594
470.2693786621094
472.13525390625
473.68658447265625
474.1923522949219
472.7546691894531
472.3474426269531
474.314453125
474.4308776855469
474.5542297363281
475.12115478515625
474.1723937988281
475.8754577636719
476.59490966796875
475.326171875
474.8082275390625
476.34185791015625
476.5257263183594
475.45697021484375
473.7330017089844
472.1864013671875
472.685791015625
472.0888977050781
474.6166687011719
476.38861083984375
473.9797668457031
472.7301940917969
474.2901306152344
475.91326904296875
474.73162841796875
473.2284851074219
472.7401123046875
475.03656005859375
476.9653015136719
475.68560791015625
474.1391296386719
474.90802001953125
473.0807189941406
469.7121276855469
469.04925537109375
467.5243835449219
466.863525390625
467.452880859375
470.9593200683594
473.0924072265625
471.0432434082031
467.0070495605469
464.20916748046875
465.12823486328125
469.71673583984375
473.39813232421875
474.93145751953125
474.6623840332031
469.4326477050781
465.3988037109375
465.59234619140625
467.9103698730469
464.5997314453125
465.8741760253906
472.0991516113281
482.6903991699219
480.2681884765625
476.4186096191406
476.1443176269531
473.7507019042969
469.7792053222656
466.52764892578125
464.2541809082031
463.7799987792969
466.6333312988281
466.30523681640625
464.1349792480469
465.77105712890625
464.9149475097656
468.25762939453125
472.62335205078125
472.16058349609375
472.15765380859375
469.4374084472656
467.0736999511719
468.88470458984375
467.3180236816406
465.1217041015625
465.89349365234375
466.20330810546875
462.6236267089844
456.4580993652344
455.690673828125
461.3353576660156
466.50665283203125
470.75555419921875
470.9775085449219
472.0175476074219
470.23187255859375
467.2648620605469
464.283447265625
460.2838134765625
456.99749755859375
460.58294677734375
468.6383972167969
470.9689636230469
470.2392272949219
462.38372802734375
456.1347351074219
456.8689880371094
461.8169250488281
465.92510986328125
466.0018615722656
465.974853515625
467.9764099121094
468.0174255371094
466.0073547363281
466.995361328125
467.0066223144531
NaN
NaN
NaN
NaN
NaN
NaN
NaN
NaN
NaN
NaN
NaN
NaN
NaN
NaN
NaN
NaN
NaN
NaN
NaN
NaN
NaN
